<?xml version="1.0" encoding="UTF-8"?>
<svg version="1.1" xmlns="http://www.w3.org/2000/svg" width="215" height="45">
<path d="M0 0 C70.95 0 141.9 0 215 0 C215 14.85 215 29.7 215 45 C144.05 45 73.1 45 0 45 C0 30.15 0 15.3 0 0 Z " fill="#FDFDFD" transform="translate(0,0)"/>
<path d="M0 0 C1.2065625 0.0309375 1.2065625 0.0309375 2.4375 0.0625 C3.59424642 3.24614374 4.73587783 6.4350121 5.875 9.625 C6.36323242 10.96788086 6.36323242 10.96788086 6.86132812 12.33789062 C8.61533167 17.27441605 9.929207 21.84354794 10.4375 27.0625 C9.4475 27.0625 8.4575 27.0625 7.4375 27.0625 C6.7775 24.7525 6.1175 22.4425 5.4375 20.0625 C1.4775 20.0625 -2.4825 20.0625 -6.5625 20.0625 C-6.8925 22.0425 -7.2225 24.0225 -7.5625 26.0625 C-8.8825 26.3925 -10.2025 26.7225 -11.5625 27.0625 C-10.43105107 20.83953091 -8.60136555 15.01388076 -6.5 9.0625 C-6.2304248 8.29623291 -5.96084961 7.52996582 -5.68310547 6.74047852 C-3.29559353 0.08038033 -3.29559353 0.08038033 0 0 Z " fill="#7C3FA9" transform="translate(49.5625,5.9375)"/>
<path d="M0 0 C0.99 0 1.98 0 3 0 C3.33 0.66 3.66 1.32 4 2 C4.99 1.34 5.98 0.68 7 0 C10.6875 0.375 10.6875 0.375 14 1 C14 1.66 14 2.32 14 3 C14.680625 2.484375 15.36125 1.96875 16.0625 1.4375 C19.86042106 -0.42105712 21.96134968 -0.06681329 26 1 C28.52775351 4.79163027 28.22443035 7.80874031 28.125 12.1875 C28.11597656 12.93708984 28.10695312 13.68667969 28.09765625 14.45898438 C28.07412578 16.30612654 28.03825561 18.15310412 28 20 C26.68 20 25.36 20 24 20 C23.67 14.39 23.34 8.78 23 3 C21.02 3.66 19.04 4.32 17 5 C16.67 9.95 16.34 14.9 16 20 C14.68 20 13.36 20 12 20 C11.67 14.39 11.34 8.78 11 3 C9.02 3.66 7.04 4.32 5 5 C4.67 9.95 4.34 14.9 4 20 C2.68 20 1.36 20 0 20 C0 13.4 0 6.8 0 0 Z " fill="#844DAF" transform="translate(181,13)"/>
<path d="M0 0 C1.0209375 0.495 1.0209375 0.495 2.0625 1 C1.7325 2.32 1.4025 3.64 1.0625 5 C0.52625 4.67 -0.01 4.34 -0.5625 4 C-3.62491139 2.71056362 -5.63689439 2.59584421 -8.9375 3 C-11.98610113 4.20502816 -11.98610113 4.20502816 -13.9375 7 C-14.99234037 12.04451886 -14.72807865 15.76472086 -11.9375 20.125 C-7.91009374 22.64212891 -5.61692502 22.39656144 -0.9375 22 C-0.9375 19.36 -0.9375 16.72 -0.9375 14 C-3.2475 14 -5.5575 14 -7.9375 14 C-7.9375 13.01 -7.9375 12.02 -7.9375 11 C-4.6375 11 -1.3375 11 2.0625 11 C2.0625 15.29 2.0625 19.58 2.0625 24 C-2.69520271 25.90308108 -4.96940114 26.44358026 -9.9375 26 C-14.03969771 24.18740101 -16.70165359 21.89202893 -18.9375 18 C-19.76960953 12.97372223 -19.5029599 9.15186276 -17.25 4.5625 C-12.17528319 -1.06083485 -7.33803409 -2.49805416 0 0 Z " fill="#7A3CA6" transform="translate(138.9375,7)"/>
<path d="M0 0 C0.66 0.33 1.32 0.66 2 1 C1.01 4.63 0.02 8.26 -1 12 C1.64 12.66 4.28 13.32 7 14 C5.44879203 18.03498739 2.83438014 20.03315791 -0.5 22.6875 C-1.96953125 23.86892578 -1.96953125 23.86892578 -3.46875 25.07421875 C-6 27 -6 27 -8 28 C-7 19.42857143 -7 19.42857143 -6 16 C-8.31 15.67 -10.62 15.34 -13 15 C-13.33 14.01 -13.66 13.02 -14 12 C-12.86111328 11.07767578 -12.86111328 11.07767578 -11.69921875 10.13671875 C-10.70535156 9.32847656 -9.71148437 8.52023438 -8.6875 7.6875 C-7.70136719 6.88699219 -6.71523437 6.08648437 -5.69921875 5.26171875 C-3.68397834 3.57311644 -1.80511991 1.90369301 0 0 Z " fill="#5944F6" transform="translate(19,8)"/>
<path d="M0 0 C2.2109375 0.97265625 2.2109375 0.97265625 4 3 C4.499212 5.9080835 4.37539195 8.7480234 4.25 11.6875 C4.23195312 12.48478516 4.21390625 13.28207031 4.1953125 14.10351562 C4.14822247 16.06952449 4.07647899 18.03491494 4 20 C3.38125 19.814375 2.7625 19.62875 2.125 19.4375 C-0.04160178 18.76313824 -0.04160178 18.76313824 -2 20 C-7.28923988 20.45014808 -7.28923988 20.45014808 -9.875 18.8125 C-11.40659584 16.34492892 -11.42822025 14.85480169 -11 12 C-9.35703667 9.84589252 -8.40391002 9.09138551 -5.73828125 8.48828125 C-4.93777344 8.43027344 -4.13726562 8.37226563 -3.3125 8.3125 C-2.10013672 8.21388672 -2.10013672 8.21388672 -0.86328125 8.11328125 C-0.24839844 8.07589844 0.36648437 8.03851563 1 8 C0.34 6.68 -0.32 5.36 -1 4 C-4.34252724 3.92572162 -6.8035914 3.93453047 -10 5 C-9.625 3.0625 -9.625 3.0625 -9 1 C-5.94306678 -0.52846661 -3.37015453 -0.23242445 0 0 Z " fill="#7939A8" transform="translate(171,13)"/>
<path d="M0 0 C2.2109375 0.97265625 2.2109375 0.97265625 4 3 C4.499212 5.9080835 4.37539195 8.7480234 4.25 11.6875 C4.23195313 12.48478516 4.21390625 13.28207031 4.1953125 14.10351562 C4.14822247 16.06952449 4.07647899 18.03491494 4 20 C3.38125 19.814375 2.7625 19.62875 2.125 19.4375 C-0.04160178 18.76313824 -0.04160178 18.76313824 -2 20 C-7.28923988 20.45014808 -7.28923988 20.45014808 -9.875 18.8125 C-11.40659584 16.34492892 -11.42822025 14.85480169 -11 12 C-9.35703667 9.84589252 -8.40391002 9.09138551 -5.73828125 8.48828125 C-4.93777344 8.43027344 -4.13726562 8.37226563 -3.3125 8.3125 C-2.10013672 8.21388672 -2.10013672 8.21388672 -0.86328125 8.11328125 C-0.24839844 8.07589844 0.36648437 8.03851563 1 8 C0.34 6.68 -0.32 5.36 -1 4 C-4.34252724 3.92572162 -6.8035914 3.93453047 -10 5 C-9.625 3.0625 -9.625 3.0625 -9 1 C-5.94306678 -0.52846661 -3.37015453 -0.23242445 0 0 Z " fill="#7939A8" transform="translate(111,13)"/>
<path d="M0 0 C1.32 0 2.64 0 4 0 C4.33 5.28 4.66 10.56 5 16 C6.65 16 8.3 16 10 16 C12.85793316 13.14206684 12.40799941 10.85334416 12.625 6.875 C12.69976562 5.59367187 12.77453125 4.31234375 12.8515625 2.9921875 C12.90054688 2.00476563 12.94953125 1.01734375 13 0 C13.99 0 14.98 0 16 0 C16 6.6 16 13.2 16 20 C15.01 20 14.02 20 13 20 C12.67 19.34 12.34 18.68 12 18 C11.01 18.66 10.02 19.32 9 20 C5.4375 19.875 5.4375 19.875 2 19 C-0.6867241 15.50465021 -0.22823268 11.45077584 -0.125 7.25 C-0.11597656 6.55261719 -0.10695313 5.85523438 -0.09765625 5.13671875 C-0.07419888 3.42433042 -0.03833104 1.71211996 0 0 Z " fill="#8046AE" transform="translate(65,13)"/>
<path d="M0 0 C0.99 0 1.98 0 3 0 C3.33 0.66 3.66 1.32 4 2 C4.66 1.34 5.32 0.68 6 0 C8.625 -0.125 8.625 -0.125 11 0 C11 0.99 11 1.98 11 3 C9.02 3.66 7.04 4.32 5 5 C4.67 9.95 4.34 14.9 4 20 C2.68 20 1.36 20 0 20 C0 13.4 0 6.8 0 0 Z " fill="#844BAD" transform="translate(147,13)"/>
<path d="M0 0 C0.99 0 1.98 0 3 0 C3.33 0.66 3.66 1.32 4 2 C4.66 1.34 5.32 0.68 6 0 C8.625 -0.125 8.625 -0.125 11 0 C11 0.99 11 1.98 11 3 C9.02 3.66 7.04 4.32 5 5 C4.67 9.95 4.34 14.9 4 20 C2.68 20 1.36 20 0 20 C0 13.4 0 6.8 0 0 Z " fill="#844BAD" transform="translate(87,13)"/>
<path d="M0 0 C0.99 0 1.98 0 3 0 C3 6.6 3 13.2 3 20 C2.01 20 1.02 20 0 20 C0 19.01 0 18.02 0 17 C-0.99 16.67 -1.98 16.34 -3 16 C-2.34 15.34 -1.68 14.68 -1 14 C-0.69940057 11.63490639 -0.50484988 9.25558119 -0.375 6.875 C-0.30023438 5.59367187 -0.22546875 4.31234375 -0.1484375 2.9921875 C-0.09945312 2.00476563 -0.05046875 1.01734375 0 0 Z " fill="#7231AA" transform="translate(78,13)"/>
<path d="M0 0 C0.66 0 1.32 0 2 0 C2.50833591 1.24663331 3.00631145 2.49749387 3.5 3.75 C3.7784375 4.44609375 4.056875 5.1421875 4.34375 5.859375 C5 8 5 8 5 12 C2.36 12 -0.28 12 -3 12 C-2.68950274 10.56206608 -2.3765224 9.1246682 -2.0625 7.6875 C-1.88847656 6.88699219 -1.71445312 6.08648437 -1.53515625 5.26171875 C-1 3 -1 3 0 0 Z " fill="#F3EFF4" transform="translate(48,11)"/>
<path d="M0 0 C1.670625 0.061875 1.670625 0.061875 3.375 0.125 C2.5 5 2.5 5 1.375 6.125 C-0.62458364 6.16580783 -2.62545254 6.16754356 -4.625 6.125 C-5.25 4.25 -5.25 4.25 -5.625 2.125 C-3.625 0.125 -3.625 0.125 0 0 Z " fill="#F2EEF6" transform="translate(168.625,23.875)"/>
<path d="M0 0 C1.670625 0.061875 1.670625 0.061875 3.375 0.125 C2.5 5 2.5 5 1.375 6.125 C-0.62458364 6.16580783 -2.62545254 6.16754356 -4.625 6.125 C-5.25 4.25 -5.25 4.25 -5.625 2.125 C-3.625 0.125 -3.625 0.125 0 0 Z " fill="#F2EEF6" transform="translate(108.625,23.875)"/>
<path d="M0 0 C3 1 3 1 5 3 C2.36 3.66 -0.28 4.32 -3 5 C-2.67 3.68 -2.34 2.36 -2 1 C-1.34 0.67 -0.68 0.34 0 0 Z " fill="#8648AA" transform="translate(164,13)"/>
<path d="M0 0 C3 1 3 1 5 3 C2.36 3.66 -0.28 4.32 -3 5 C-2.67 3.68 -2.34 2.36 -2 1 C-1.34 0.67 -0.68 0.34 0 0 Z " fill="#8648AA" transform="translate(104,13)"/>
</svg>
